# Created by Octave 3.4.0, Fri Aug 16 11:45:36 2013 EDT <hsheth@hsheth.local>
# name: J
# type: scalar
0.2193564143013683


# name: X
# type: matrix
# rows: 99
# columns: 11
 1 59 64.8 72.33 30 34.6 40.33 0 0 0 0
 1 69 65.2 71.67 31 34.2 48.67 0 0 0.22 3
 1 76 64.8 72.33 41 35 52.67 0 0 0.6 1
 1 72 67.40000000000001 71.67 49 37.2 55.67 0.22 0.22 0.6 6
 1 67 68.59999999999999 72.67 56 41.4 51.67 0.38 0.6 0.43 8
 1 78 72.40000000000001 66 53 46 46.67 0 0.6 0.23 3
 1 70 72.59999999999999 62.33 58 51.4 38 0.05 0.43 0.23 9
 1 70 71.40000000000001 60.67 44 52 33.67 0.18 0.23 0.18 8
 1 58 68.59999999999999 68 38 49.8 35 0 0.23 0.02 2
 1 59 67 71.33 32 45 39 0 0.18 0.02 8
 1 65 64.40000000000001 74 31 40.6 41.67 0.02 0.02 0.02 4
 1 80 66.40000000000001 71.33 42 37.4 42.33 0 0.02 0 0
 1 69 66.2 75.33 44 37.4 46 0 0.02 0.1 1
 1 73 69.2 77.67 39 37.6 49.67 0 0 0.13 4
 1 72 71.8 76.33 44 40 51.67 0.1 0.1 0.18 7
 1 81 75 74.67 55 44.8 51 0.03 0.13 0.39 5
 1 80 75 71.67 50 46.4 50.33 0.05 0.18 0.65 5
 1 68 74.8 66 50 47.6 47 0.31 0.39 0.91 10
 1 76 75.40000000000001 60 53 50.4 42.33 0.29 0.65 0.91 8
 1 71 75.2 60 48 51.2 38.67 0.31 0.91 0.67 9
 1 51 69.2 67.33 40 48.2 38.33 0.31 0.91 0.36 10
 1 58 64.8 71.33 39 46 44.33 0.05 0.67 0.05 8
 1 71 65.40000000000001 76.67 37 43.4 51.67 0 0.36 1.02 1
 1 73 64.8 83 39 40.6 58.67 0 0.05 1.02 2
 1 70 64.59999999999999 89.67 57 42.4 61 1.02 1.02 1.02 9
 1 87 71.8 90 59 46.2 63.67 0 1.02 0 1
 1 92 78.59999999999999 85.33 60 50.4 62 0 1.02 0.005 1
 1 90 82.40000000000001 79 64 55.8 56 0 0 0.395 0
 1 88 85.40000000000001 74 67 61.4 49 0.005 0.005 0.395 1
 1 78 87 72.67 55 61 47.67 0.39 0.395 0.39 7
 1 71 83.8 68 46 58.4 50 0 0.395 0.05 1
 1 73 80 69.67 46 55.6 52 0 0.39 1.94 2
 1 74 76.8 71.67 51 53 52.33 0.05 0.05 2.79 1
 1 57 70.59999999999999 76 53 50.2 52 1.89 1.94 2.74 10
 1 78 70.59999999999999 71 52 49.6 53 0.85 2.79 1.63 8
 1 80 72.40000000000001 68 52 50.8 53.33 0 2.74 1.7 2
 1 70 71.8 66.67 52 52 52 0.78 1.63 1.75 8
 1 63 69.59999999999999 70.67 55 52.8 50.67 0.92 1.7 1.71 10
 1 71 72.40000000000001 73 53 52.8 50.33 0.05 1.75 1.67 8
 1 66 70 76 48 52 50.67 0.74 1.71 1.62 6
 1 75 69 79.33 51 51.8 51.67 0.88 1.67 0.88 6
 1 78 70.59999999999999 78 52 51.8 53 0 1.62 0.96 0
 1 75 73 78 49 50.6 54 0 0.88 1.35 5
 1 85 75.8 75.33 54 50.8 52 0.96 0.96 1.41 3
 1 74 77.40000000000001 78.67 56 52.4 52.33 0.39 1.35 0.46 7
 1 75 77.40000000000001 81.67 52 52.6 54.67 0.06 1.41 0.07000000000000001 1
 1 77 77.2 85.33 48 51.8 60 0.01 0.46 0.01 1
 1 84 79 88 57 53.4 63.67 0 0.07000000000000001 0.005 1
 1 84 78.8 90 59 54.4 66.67 0 0.01 0.025 0
 1 88 81.59999999999999 88.67 64 56 67.67 0.005 0.005 0.025 3
 1 92 85 82.67 68 59.2 65.33 0.02 0.025 0.08 0
 1 90 87.59999999999999 80 68 63.2 62.33 0 0.025 0.17 0
 1 84 87.59999999999999 81.33 67 65.2 58.33 0.06 0.08 0.44 6
 1 74 85.59999999999999 85 61 65.59999999999999 60.33 0.11 0.17 0.38 10
 1 82 84.40000000000001 85.67 59 64.59999999999999 64 0.27 0.44 0.29 7
 1 88 83.59999999999999 84.33 55 62 65.67 0 0.38 0.03 0
 1 85 82.59999999999999 85.67 67 61.8 63.33 0.02 0.29 0.035 2
 1 84 82.59999999999999 88.33 70 62.4 63.67 0.01 0.03 0.02 9
 1 84 84.59999999999999 91.33 60 62.2 68.33 0.005 0.035 0.01 7
 1 89 86 92 60 62.4 71.33 0.005 0.02 0.005 2
 1 92 86.8 91.67 71 65.59999999999999 69 0 0.01 0 1
 1 93 88.40000000000001 89 74 67 65.67 0 0.005 0.03 1
 1 91 89.8 83 69 66.8 64 0 0 0.035 3
 1 91 91.2 81.67 64 67.59999999999999 64.67 0.03 0.03 0.035 2
 1 85 90.40000000000001 81 64 68.40000000000001 66.33 0.005 0.035 0.025 4
 1 73 86.59999999999999 83 64 67 66.33 0 0.035 0.06 10
 1 87 85.40000000000001 80 66 65.40000000000001 66 0.02 0.025 0.065 8
 1 83 83.8 83 69 65.40000000000001 65.33 0.04 0.06 0.055 4
 1 79 81.40000000000001 87.67 64 65.40000000000001 66.33 0.005 0.065 0.02 5
 1 78 80 93.33 65 65.59999999999999 66.33 0.01 0.055 0.025 9
 1 92 83.8 94 67 66.2 66.33 0.005 0.02 0.015 4
 1 93 85 94.33 67 66.40000000000001 67.67 0.01 0.025 0.01 1
 1 95 87.40000000000001 95.33 65 65.59999999999999 69.33 0 0.015 0.005 1
 1 94 90.40000000000001 95.67 67 66.2 70 0 0.01 0.005 0
 1 94 93.59999999999999 92 71 67.40000000000001 67.67 0.005 0.005 0.01 0
 1 98 94.8 87.33 70 68 65 0 0.005 0.005 1
 1 95 95.2 83.33 69 68.40000000000001 64.67 0.005 0.01 0.015 1
 1 83 92.8 84.33 64 68.2 64 0 0.005 1.1 3
 1 84 90.8 77 62 67.2 62.33 0.01 0.015 1.11 6
 1 83 88.59999999999999 73 68 66.59999999999999 59.33 1.09 1.1 2.5 9
 1 86 86.2 72.67 62 65 57.33 0.01 1.11 1.61 3
 1 62 79.59999999999999 80 57 62.6 59.67 1.4 2.5 1.6 10
 1 71 77.2 84.33 59 61.6 61.67 0.2 1.61 0.205 10
 1 85 77.40000000000001 83.67 56 60.4 62.33 0 1.6 0.065 1
 1 84 77.59999999999999 82.67 64 59.6 60 0.005 0.205 0.075 8
 1 84 77.2 82 65 60.2 58.33 0.06 0.065 0.075 5
 1 83 81.40000000000001 82 58 60.4 60 0.01 0.075 0.025 1
 1 81 83.40000000000001 81.33 57 60 61 0.005 0.075 0.715 1
 1 82 82.8 80.67 60 60.8 59.33 0.01 0.025 0.71 4
 1 83 82.59999999999999 78.33 63 60.6 55 0.7 0.715 0.71 6
 1 79 81.59999999999999 78.33 60 59.6 50.67 0 0.71 0.01 2
 1 80 81 78.33 55 59 49.33 0.01 0.71 0.01 1
 1 76 80 80 50 57.6 54 0 0.01 0.005 0
 1 79 79.40000000000001 78.67 47 55 61.67 0 0.01 0.145 1
 1 80 78.8 79.67 51 52.6 63.33 0.005 0.005 1.125 2
 1 81 79.2 79 64 53.4 59 0.14 0.145 1.12 7
 1 75 78.2 81 70 56.4 54.33 0.98 1.125 0.985 8
 1 83 79.59999999999999 78.33 56 57.6 56.33 0 1.12 0.005 2
 1 79 79.59999999999999 76.67 51 58.4 57 0.005 0.985 0.025 1


# name: ans
# type: scalar
-0.01640034627583727


# name: diff
# type: matrix
# rows: 11
# columns: 1
 -0.02998316091458619
 7.966342216951527e-05
 0.0003024863781353471
 0.0003220860509824675
 -0.0001488977708296885
 -0.000108387970289156
 -0.0002463578236280572
 -0.2284090409077413
 0.0009070389369256748
 0.09286200998286631
 0.0004190978576222859


# name: exit_flag
# type: scalar
3


# name: ini_theta
# type: matrix
# rows: 11
# columns: 1
 0
 0
 0
 0
 0
 0
 0
 0
 0
 0
 0


# name: lambda
# type: scalar
5


# name: m
# type: scalar
99


# name: n
# type: scalar
10


# name: options
# type: scalar struct
# ndims: 2
 1 1
# length: 2
# name: GradObj
# type: sq_string
# elements: 1
# length: 2
on


# name: MaxIter
# type: scalar
400




# name: p
# type: matrix
# rows: 99
# columns: 1
 0
 0
 0
 0
 0
 0
 0
 0
 0
 0
 0
 0
 0
 0
 0
 0
 0
 0
 0
 0
 0
 0
 0
 0
 0
 0
 0
 0
 0
 0
 0
 0
 0
 0
 0
 0
 0
 0
 0
 0
 0
 0
 0
 0
 0
 0
 0
 0
 0
 0
 0
 0
 0
 0
 0
 0
 0
 0
 0
 0
 0
 0
 0
 0
 0
 0
 0
 0
 0
 0
 0
 1
 1
 1
 1
 1
 0
 0
 0
 0
 0
 0
 0
 0
 0
 0
 0
 0
 0
 0
 0
 0
 0
 0
 0
 0
 0
 0
 0


# name: theta
# type: matrix
# rows: 11
# columns: 1
 7.340171702086608
 0.06424911196033532
 -0.1072332979173381
 -0.1659150419735784
 -0.008381377170531442
 0.07463271284759682
 0.1178520187956602
 -5.329354417293778
 -1.956864208458353
 -48.02308432611183
 -0.2521709202327354


# name: theta800
# type: matrix
# rows: 11
# columns: 1
 7.310188541172022
 0.06432877538250484
 -0.1069308115392028
 -0.1655929559225959
 -0.008530274941361131
 0.07452432487730766
 0.1176056609720321
 -5.557763458201519
 -1.955957169521427
 -47.93022231612896
 -0.2517518223751131


# name: y
# type: matrix
# rows: 99
# columns: 1
 0
 0
 0
 0
 0
 0
 0
 0
 0
 0
 0
 1
 0
 0
 0
 0
 0
 0
 0
 0
 0
 0
 0
 0
 0
 1
 0
 0
 0
 0
 1
 0
 0
 0
 0
 0
 0
 0
 0
 0
 0
 0
 0
 0
 0
 0
 0
 1
 0
 0
 0
 0
 0
 0
 0
 0
 0
 0
 0
 1
 0
 1
 0
 1
 0
 0
 0
 0
 1
 0
 1
 0
 1
 0
 1
 0
 1
 0
 0
 0
 0
 0
 0
 0
 0
 0
 0
 0
 0
 0
 0
 0
 1
 0
 0
 0
 0
 0
 0


