# Created by Octave 3.4.0, Fri Aug 16 11:14:57 2013 EDT <hsheth@hsheth.local>
# name: theta
# type: matrix
# rows: 11
# columns: 1
 -13.5116285157381
 0.0686882722648374
 0.04228625646078624
 0.1196037716372661
 -0.08615737492436708
 0.04518459496493155
 -0.0638488639740122
 -0.1054556812477995
 -0.5470987641338414
 -1.015901721373841
 -0.2656271436587482


