# Created by Octave 3.4.0, Fri Aug 16 11:16:11 2013 EDT <hsheth@hsheth.local>
# name: theta
# type: matrix
# rows: 11
# columns: 1
 -16.08394118866193
 0.0708788841125374
 0.06645462341041906
 0.1406484566928717
 -0.08830570041475129
 0.0295198252629391
 -0.07273022105870479
 -0.03928883277706505
 -0.1987464585938562
 -0.3215907343451223
 -0.2456899285649498


