# Created by Octave 3.4.0, Fri Aug 16 11:20:43 2013 EDT <hsheth@hsheth.local>
# name: theta
# type: matrix
# rows: 11
# columns: 1
 7.310188541172022
 0.06432877538250484
 -0.1069308115392028
 -0.1655929559225959
 -0.008530274941361131
 0.07452432487730766
 0.1176056609720321
 -5.557763458201519
 -1.955957169521427
 -47.93022231612896
 -0.2517518223751131


