# Created by Octave 3.4.0, Fri Aug 16 11:12:23 2013 EDT <hsheth@hsheth.local>
# name: theta
# type: matrix
# rows: 11
# columns: 1
 7.340171702086608
 0.06424911196033532
 -0.1072332979173381
 -0.1659150419735784
 -0.008381377170531442
 0.07463271284759682
 0.1178520187956602
 -5.329354417293778
 -1.956864208458353
 -48.02308432611183
 -0.2521709202327354


