# Created by Octave 3.4.0, Fri Aug 16 17:05:20 2013 EDT <hsheth@hsheth.local>
# name: theta
# type: matrix
# rows: 11
# columns: 1
 -26.50580666926859
 0.5559299930225463
 -0.6161565469568484
 0.09718923661623589
 -0.3486456486920128
 0.6949956886315095
 0.2559759442300343
 -10.79337772406538
 -174.2912974990947
 -122.8142163164549
 -1.353631884528103


