# Created by Octave 3.4.0, Thu Jul 11 19:18:52 2013 EDT <hsheth@Nihar-and-Harshal.local>
# name: theta
# type: matrix
# rows: 11
# columns: 1
 -44.340875136336
 -1.829931009086092
 2.002613900756615
 -0.6435424767391162
 1.521056540776338
 -1.09064770788448
 1.106389037294814
 -398.6362170732008
 11.0529712596715
 4.995838538586979
 -1.870814228990039


